Go Activity GO Numbers
0016020
0016021
0015992
0015920
0015986
0016114
0016301
0016311
0016226
0016151
0016158
0015321
0015343
0015297
0015078
0015097
0015385
0015696
0015891
0015694
0015595
0015628
0016491
0016785
0016787
0016780
0016773
0016779
0016790
0016836
0016837
0016829
0016798
0016810
0016627
0016661
0016624
0016597
0016620
0016709
0016765
0016772
0016763
0016740
0016758
0015074
0008924
0008948
0008897
0008854
0008855
0008969
0009013
0009020
0008990
0008987
0008988
0008649
0008658
0008641
0008610
0008615
0008677
0008783
0008811
0008759
0008701
0008757
0009035
0009380
0009381
0009308
0009279
0009306
0009399
0015031
0015035
0010974
0009428
0010181
0009097
0009102
0009058
0009052
0009055
0009108
0009252
0009269
0009236
0009229
0009231
0016840
0046429
0046653
0046417
0045261
0046034
0046857
0047154
0047443
0046914
0046872
0046912
0043165
0043190
0042981
0042744
0042953
0043565
0044249
0044780
0044238
0043571
0043953
0048038
0051920
0052855
0051782
0051537
0051539
0055114
0071973
0080130
0070526
0070409
0070475
0050660
0050662
0050518
0050066
0050144
0050992
0051301
0051536
0051287
0051188
0051213
0042626
0019277
0019419
0019082
0018580
0018822
0019427
0019627
0019629
0019538
0019439
0019518
0016876
0016884
0016853
0016846
0016849
0016887
0018189
0018509
0017013
0016989
0017004
0019867
0033735
0034040
0032955
0032549
0032784
0036055
0042597
0042602
0042578
0042026
0042158
0030151
0030170
0030127
0022900
0022904
0030248
0031564
0032324
0031071
0030259
0030976
0008483
0004497
0004514
0004488
0004455
0004478
0004519
0004527
0004590
0004526
0004521
0004525
0004356
0004358
0004347
0004315
0004328
0004367
0004414
0004425
0004413
0004368
0004386
0004594
0004792
0004799
0004764
0004743
0004748
0004812
0004853
0004871
0004852
0004820
0004826
0004620
0004634
0004612
0004601
0004609
0004643
0004665
0004725
0004664
0004644
0004655
0004312
0003697
0003700
0003678
0003676
0003677
0003723
0003774
0003824
0003755
0003725
0003735
0000160
0000162
0000107
0000041
0000105
0000271
0002100
0002161
0002098
0000917
0001680
0003842
0004115
0004129
0004061
0004040
0004055
0004170
0004222
0004298
0004190
0004177
0004180
0003887
0003899
0003883
0003861
0003864
0003934
0003995
0004004
0003994
0003951
0003993
0005215
0006801
0006807
0006779
0006744
0006777
0006808
0006858
0006865
0006814
0006810
0006813
0006545
0006546
0006537
0006523
0006526
0006568
0006633
0006725
0006614
0006591
0006605
0006878
0008168
0008170
0008152
0008124
0008146
0008173
0008295
0008360
0008270
0008176
0008237
0007062
0007165
0006979
0006886
0006935
0007219
0008094
0008097
0008080
0008033
0008061
0006520
0005856
0005886
0005840
0005737
0005739
0005975
0006106
0006189
0006097
0005978
0006007
0005507
0005509
0005506
0005328
0005488
0005515
0005634
0005727
0005622
0005524
0005525
0006207
0006418
0006438
0006415
0006413
0006414
0006450
0006479
0006508
0006468
0006457
0006464
0006298
0006304
0006282
0006229
0006281
0006352
0006402
0006412
0006364
0006353
0006355