Go Activity GO Numbers
0005524
0003677
0003700
0006810
0055114
0008152
0016021
0000160
0016020
0005622
0009055
0005515
0016787
0003735
0016620
0016740
0003676
0003824
0008168
0005886
0006457
0030170
0050660
0008270
0003723
0005525
0016491
0008080
0006355
0051536
0043565
0016301
0006725
0005975
0006807
0016853
0006935
0017004
0042602
0009306
0004356
0005840
0005737
0071973
0051287
0015035
0009058
0008757
0008701
0006508
0003774
0022900
0015074
0006777
0006633
0006414
0009399
0006304
0005215
0016810
0016884
0019867
0006813
0030976
0015078
0003861
0004004
0006814
0006479
0008855
0016849
0006413
0015297
0006468
0008483
0045261
0006808
0016779
0006744
0016798
0016151
0016226
0006537
0051539
0050662
0051213
0032549
0005509
0004820
0000271
0042597
0000917
0004519
0008649
0008295
0008173
0008170
0004620
0008615
0004634
0004514
0051782
0009381
0015031
0015097
0004347
0004488
0004497
0004386
0009252
0009102
0006520
0051188
0006523
0005727
0006526
0005856
0006281
0006353
0006415
0006438
0006207
0051537
0006878
0006865
0006886
0046912
0007165
0004655
0005488
0005506
0006779
0004664
0004812
0015992
0016846
0016829
0019538
0043190
0015986
0016763
0044238
0016709
0016114
0016773
0016597
0019439
0015694
0042744
0018822
0015628
0004612
0019082
0004601
0004609
0004644
0030259
0030248
0031564
0031071
0004643
0032324
0004521
0004525
0033735
0032955
0032784
0050992
0004590
0004594
0005978
0004526
0004527
0004665
0019419
0022904
0019427
0004871
0030127
0005328
0005634
0019518
0051301
0019629
0005507
0019627
0004853
0004764
0019277
0004792
0004725
0004743
0004748
0030151
0004826
0004852
0004799
0043165
0005739
0042981
0051920
0003842
0003755
0070409
0003725
0052855
0003899
0003934
0003951
0003887
0042578
0003864
0003883
0070475
0000162
0042953
0001680
0080130
0000041
0000105
0000107
0070526
0003678
0003697
0042626
0002098
0002100
0002161
0036055
0004358
0004367
0042026
0004312
0004315
0004328
0004425
0004455
0004478
0004414
0004368
0034040
0004413
0004298
0004040
0004055
0004061
0042158
0003993
0003994
0003995
0004180
0004190
0004222
0004177
0004115
0004129
0004170
0046034
0008759
0008783
0016158
0008658
0008677
0008811
0008924
0008948
0008969
0008854
0046417
0008897
0008641
0046872
0016624
0044249
0008124
0008146
0016627
0008176
0044780
0008610
0016311
0008237
0046857
0008360
0008987
0009380
0015891
0015696
0009279
0046429
0009308
0009428
0015385
0015343
0015321
0010181
0010974
0015595
0009269
0009020
0009035
0009052
0008988
0008990
0009013
0046653
0009231
0009236
0015920
0009097
0009108
0009229
0016887
0006418
0016876
0006402
0006412
0016989
0006450
0016840
0016837
0016836
0050144
0006464
0043571
0006364
0006189
0018580
0006229
0006007
0006097
0006106
0018509
0006352
0017013
0050518
0006282
0006298
0018189
0016790
0047154
0006979
0007062
0016765
0006858
0016758
0016661
0046914
0008094
0008097
0007219
0008033
0008061
0047443
0006591
0006605
0006614
0006545
0006546
0006568
0043953
0006801
0048038
0016772
0050066
0016785
0016780